INDV	N_COMMON_CALLED	N_DISCORD	DISCORDANCE
PI_328015	2366	1035	0.437447
CIho_5989	2434	1055	0.433443
PI_640220	2150	893	0.415349
PI_294747	2176	827	0.380055
PI_412946	2163	799	0.369394
PI_392491	2135	775	0.362998
PI_436149	2127	670	0.314998
PI_223883	2411	400	0.165906
PI_327716	1538	131	0.0851756
PI_564487	1581	86	0.054396
PI_356719	2253	114	0.0505992
PI_402164	2325	115	0.0494624
PI_422233	1577	78	0.049461
PI_467851	1202	59	0.0490849
PI_599637	2372	114	0.0480607
26_PI_599621	2298	110	0.0478677
PI_531917	2173	103	0.0473999
PI_599621	2201	104	0.0472512
PI_321854	2331	110	0.04719
PI_506295	2384	112	0.0469799
PI_342331	2263	106	0.0468405
PI_404205	2285	107	0.0468271
PI_640095	2301	107	0.0465015
PI_599625	1426	66	0.0462833
PI_486152	1415	65	0.0459364
PI_274620	2358	108	0.0458015
PI_350713	2271	104	0.0457948
PI_321823	2395	109	0.0455115
PI_584786	2154	98	0.0454968
PI_640286	2114	96	0.0454115
PI_434794	2316	105	0.0453368
PI_346387	2230	101	0.0452915
PI_591928	2303	104	0.0451585
PI_467412	1934	87	0.0449845
PI_531986	1668	75	0.044964
PI_573878	1429	64	0.0447866
PI_414409	2046	91	0.044477
PI_190200	2478	110	0.0443906
PI_320227	2258	100	0.044287
PI_361038	2358	104	0.0441052
PI_234846	2313	102	0.0440986
PI_184884	2453	108	0.0440277
PI_189764	2456	108	0.0439739
PI_347750	2344	103	0.043942
PI_392524	1844	81	0.0439262
PI_374429	2345	103	0.0439232
PI_447054	1435	63	0.0439024
PI_402037	1482	65	0.0438596
PI_573611	2244	98	0.043672
PI_467849	1879	82	0.0436402
PI_290259	2339	102	0.0436084
PI_95167	2363	103	0.0435887
PI_573615	2410	105	0.0435685
PI_436136	2365	103	0.0435518
PI_320217	2277	99	0.0434783
PI_415348	2330	101	0.0433476
PI_640226	1940	84	0.043299
PI_290193	2383	103	0.0432228
PI_531896	2318	100	0.0431406
PI_365547	2179	94	0.0431391
PI_384986	2227	96	0.0431073
PI_392423	2367	102	0.0430925
PI_342139	2253	97	0.0430537
PI_296472	2349	101	0.042997
PI_342283	2374	102	0.0429655
PI_592250	1918	82	0.0427529
PI_428411	2364	101	0.0427242
CIho_14752	2411	103	0.0427209
PI_467758	2273	97	0.0426749
PI_449279	2321	99	0.042654
PI_285118	2275	97	0.0426374
PI_410451	2440	104	0.042623
PI_290165	2350	100	0.0425532
PI_371390	2374	101	0.0425442
PI_285636	2186	93	0.0425435
PI_129482	2329	99	0.0425075
PI_640117	2330	99	0.0424893
PI_328052	2143	91	0.0424638
PI_392407	2338	99	0.0423439
PI_388645	2316	98	0.0423143
PI_410483	2387	101	0.0423125
PI_436154	2366	100	0.0422654
PI_328835	2366	100	0.0422654
PI_282616	2366	100	0.0422654
PI_592173	2326	98	0.0421324
PI_357314	2352	99	0.0420918
PI_599649	2376	100	0.0420875
PI_467422	1926	81	0.0420561
PI_296460	2429	102	0.0419926
PI_344938	2335	98	0.04197
PI_57015	2437	102	0.0418547
PI_327680	2414	101	0.0418393
PI_87844	2249	94	0.0417964
PI_371817	2345	98	0.041791
PI_190711	2441	102	0.0417862
PI_506302	2274	95	0.0417766
PI_94875	2183	91	0.0416858
PI_467842	2183	91	0.0416858
PI_283401	2327	97	0.0416846
PI_401964	2138	89	0.0416277
PI_157884	2307	96	0.0416125
PI_362203	2356	98	0.0415959
CIho_14394	2432	101	0.0415296
PI_298708	2337	97	0.0415062
PI_327859	2365	98	0.0414376
PI_283464	2295	95	0.0413943
CIho_14881	2348	97	0.0413118
PI_328336	2163	89	0.0411466
PI_268176	1922	79	0.041103
PI_64022	2362	97	0.0410669
PI_371248	2195	90	0.0410023
PI_268158	2271	93	0.0409511
PI_371490	2345	96	0.0409382
PI_39590	2248	92	0.0409253
PI_436151	2029	83	0.0409069
PI_349896	2152	88	0.0408922
PI_283416	2326	95	0.0408426
PI_264251	2278	93	0.0408253
PI_57099	2376	97	0.0408249
PI_181102	2305	94	0.0407809
PI_227449	2330	95	0.0407725
PI_361609	2383	97	0.040705
PI_436146	2457	100	0.0407
PI_387098	2359	96	0.0406952
PI_286388	2360	96	0.040678
PI_372102	2361	96	0.0406607
PI_382860	2142	87	0.0406162
PI_119925	2339	95	0.0406156
PI_467416	2319	94	0.0405347
PI_392451	2370	96	0.0405063
PI_371056	2247	91	0.0404984
PI_640265	1803	73	0.0404881
PI_330397	2224	90	0.0404676
PI_447100	2349	95	0.0404427
PI_362207	2349	95	0.0404427
CIho_14319	2402	97	0.040383
PI_328155	2229	90	0.0403769
PI_328742	2383	96	0.0402854
PI_386650	2286	92	0.040245
PI_447137	2341	94	0.0401538
PI_390281	2367	95	0.0401352
PI_54915	2421	97	0.0400661
PI_402401	2307	92	0.0398786
PI_329000	2291	91	0.0397206
PI_328632	2343	93	0.0396927
PI_270692	2350	93	0.0395745
CIho_14216	2250	89	0.0395556
PI_178609	2327	92	0.0395359
PI_71075	2381	94	0.0394792
CIho_14258	2335	92	0.0394004
PI_69421	2234	88	0.0393912
PI_61533	2439	96	0.0393604
CIho_13743	2267	89	0.0392589
PI_190203	2369	93	0.0392571
PI_584977	2245	88	0.0391982
PI_392484	2452	96	0.0391517
PI_328485	2350	92	0.0391489
PI_94790	2325	91	0.0391398
CIho_16612	2380	93	0.0390756
PI_392464	2387	93	0.038961
PI_467733	1670	65	0.0389222
PI_392478	2291	89	0.0388477
PI_327969	2369	92	0.038835
CIho_14228	2319	90	0.0388098
CIho_14052	2325	90	0.0387097
PI_135758	2336	90	0.0385274
PI_467749	2261	87	0.0384785
PI_48133	2437	93	0.0381617
PI_467729	1373	52	0.0378733
PI_643283	1400	53	0.0378571
PI_592267	1508	57	0.0377984
PI_57089	2435	92	0.0377823
PI_328577	2334	88	0.0377035
CIho_15600	2356	88	0.0373514
CIho_15362	2257	84	0.0372175
CIho_15349	2342	87	0.0371477
PI_173518	2295	85	0.037037
PI_190790	2330	86	0.0369099
PI_163409	2175	79	0.0363218
PI_174431	2003	71	0.0354468
