INDV    N_COMMON_CALLED N_DISCORD       DISCORDANCE
PI_328015	3741	1713	0.457899
CIho_5989	3811	1735	0.455261
PI_640220	3661	1554	0.424474
PI_294747	3744	1588	0.424145
PI_327716	3804	1541	0.4051
PI_412946	3633	1461	0.402147
PI_392491	3619	1397	0.386018
PI_436149	3617	1222	0.337849
PI_223883	3794	690	0.181866
PI_640286	3789	506	0.133544
PI_268176	3712	489	0.131735
PI_467851	3332	414	0.12425
PI_531917	3709	436	0.117552
PI_401964	3782	441	0.116605
PI_599621	3738	416	0.111289
PI_486152	3390	364	0.107375
PI_392524	3620	383	0.105801
PI_584786	3801	394	0.103657
PI_467842	3754	387	0.10309
PI_467749	3729	376	0.100831
PI_414409	3669	361	0.0983919
PI_640265	3676	360	0.0979325
PI_573611	3777	365	0.0966375
PI_467422	3657	349	0.0954334
PI_506302	3713	350	0.0942634
26_PI_599621       3756    342     0.0910543
PI_584977	3734	332	0.0889127
PI_330397	3730	322	0.0863271
PI_384986	3740	315	0.0842246
PI_404205	3731	307	0.0822836
PI_591928	3719	306	0.0822802
PI_436151	3684	301	0.0817047
PI_349896	3665	292	0.0796726
PI_268158	3723	296	0.0795058
PI_467758	3753	296	0.0788702
PI_640226	3645	287	0.078738
PI_592173	3747	294	0.0784628
PI_643283	3407	265	0.077781
PI_365547	3708	285	0.0768608
PI_346387	3727	285	0.076469
PI_410483	3816	291	0.0762579
CIho_14752	3802	289	0.0760126
PI_320217	3737	283	0.0757292
PI_564487	3342	252	0.0754039
PI_374429	3752	282	0.0751599
PI_467849	3602	270	0.0749584
PI_190203	3770	282	0.0748011
PI_174431	3698	276	0.0746349
PI_285636	3731	278	0.0745109
PI_234846	3734	275	0.0736476
PI_371056	3736	275	0.0736081
PI_54915	3791	279	0.0735954
PI_264251	3786	278	0.0734284
PI_285118	3734	274	0.0733798
PI_449279	3739	274	0.0732816
PI_467412	3602	263	0.073015
CIho_13743	3744	272	0.0726496
PI_290165	3738	271	0.0724987
PI_328336	3704	268	0.0723542
PI_356719	3709	268	0.0722567
PI_382860	3687	266	0.0721454
PI_599637	3761	271	0.0720553
CIho_14258	3731	268	0.0718306
PI_599625	3272	235	0.0718215
PI_392478	3749	269	0.0717525
PI_640095	3755	269	0.0716378
PI_592250	3580	256	0.0715084
PI_357314	3754	268	0.0713905
PI_347750	3734	265	0.0709695
PI_410451	3800	269	0.0707895
CIho_14052	3759	266	0.0707635
PI_531896	3711	262	0.0706009
CIho_14881	3736	263	0.0703961
PI_436154	3753	264	0.0703437
PI_361038	3746	263	0.0702082
PI_227449	3746	263	0.0702082
PI_283464	3734	262	0.070166
PI_296460	3795	266	0.0700922
PI_402401	3757	263	0.0700027
PI_573615	3784	264	0.0697674
PI_290259	3728	260	0.0697425
PI_329000	3772	263	0.0697243
PI_467729	3347	233	0.0696146
PI_447137	3695	257	0.0695535
PI_415348	3754	261	0.0695258
PI_362203	3751	260	0.0693148
PI_350713	3716	257	0.0691604
PI_328155	3745	259	0.0691589
PI_342331	3702	255	0.0688817
PI_467416	3788	260	0.0686378
PI_189764	3807	261	0.0685579
PI_371248	3721	255	0.06853
PI_402164	3769	258	0.0684532
CIho_15362	3732	255	0.068328
PI_362207	3767	257	0.0682241
PI_184884	3823	260	0.0680094
CIho_14228	3702	251	0.0678012
PI_328052	3723	252	0.0676873
PI_320227	3743	253	0.0675928
PI_283416	3746	253	0.0675387
PI_573878	3377	228	0.0675155
PI_531986	3483	234	0.0671835
PI_436136	3753	252	0.0671463
PI_392423	3754	252	0.0671284
PI_599649	3744	251	0.0670406
PI_372102	3749	251	0.0669512
PI_388645	3728	249	0.0667918
PI_57015	3796	253	0.0666491
CIho_14216	3729	248	0.0665058
PI_328835	3748	249	0.0664354
PI_181102	3719	247	0.0664157
PI_327680	3804	252	0.0662461
CIho_14394	3817	252	0.0660204
PI_447054	3350	221	0.0659701
PI_422233	3417	225	0.0658472
PI_321854	3676	242	0.0658324
PI_57089	3794	249	0.0656299
PI_163409	3705	243	0.065587
PI_386650	3741	245	0.0654905
PI_371390	3748	245	0.0653682
PI_328577	3731	242	0.064862
PI_274620	3731	242	0.064862
PI_392407	3734	242	0.0648099
PI_283401	3706	240	0.0647598
PI_321823	3769	244	0.0647387
PI_129482	3754	243	0.064731
PI_392451	3755	243	0.0647137
PI_95167	3744	242	0.0646368
PI_157884	3733	241	0.0645593
PI_506295	3721	240	0.0644988
CIho_16612	3745	241	0.0643525
PI_87844	3699	238	0.0643417
PI_69421	3746	241	0.0643353
PI_640117	3731	240	0.0643259
PI_119925	3736	240	0.0642398
PI_342283	3739	240	0.0641883
PI_173518	3775	242	0.064106
PI_61533	3793	242	0.0638017
PI_327969	3731	238	0.0637899
PI_270692	3747	239	0.0637844
PI_48133	3800	242	0.0636842
PI_64022	3719	236	0.0634579
PI_402037	3417	216	0.0632133
PI_387098	3734	235	0.0629352
PI_135758	3688	231	0.0626356
PI_392484	3817	239	0.0626146
PI_298708	3711	232	0.0625168
PI_94790	3732	233	0.062433
PI_592267	3381	211	0.0624076
PI_296472	3754	233	0.0620671
CIho_15349	3742	232	0.0619989
PI_190200	3812	236	0.0619098
PI_436146	3815	236	0.0618611
PI_371817	3726	230	0.0617284
PI_328742	3743	231	0.0617152
PI_434794	3756	231	0.0615016
PI_57099	3709	228	0.0614721
PI_342139	3722	227	0.0609887
PI_71075	3750	226	0.0602667
PI_371490	3746	225	0.0600641
PI_344938	3714	223	0.0600431
CIho_15600	3802	228	0.0599684
PI_178609	3740	224	0.059893
PI_447100	3743	224	0.059845
PI_290193	3733	223	0.0597375
PI_328485	3736	222	0.0594218
PI_361609	3732	221	0.0592176
PI_428411	3774	223	0.0590885
PI_190790	3737	220	0.0588708
PI_392464	3746	219	0.0584624
PI_190711	3805	222	0.0583443
PI_328632	3693	209	0.0565936
PI_94875	3696	206	0.0557359
PI_39590	3738	208	0.0556447
PI_286388	3737	206	0.0551244
PI_282616	3766	205	0.0544344
CIho_14319	3745	203	0.0542056
PI_327859	3729	200	0.0536337
PI_390281	3724	194	0.0520945
PI_467733	3516	181	0.051479
